0.34 1.651299639
0.34 1.651299639
0.34 1.651299639
0.34 1.651299639
0.34 1.651299639
0.34 1.651299639
0.34 1.651299639
0.34 1.651299639
0.34 1.651299639
0.34 1.651299639
0.34 1.651299639
0.34 1.651299639
0.34 1.651299639
0.34 1.651299639
0.34 1.651299639
0.34 1.651299639
0.34 1.651299639
0.34 1.651299639
0.34 1.651299639
0.34 1.651299639
0.34 1.651299639
0.34 1.651299639
0.34 1.651299639
0.34 1.651299639
0.34 1.651299639
0.34 6.834927517
0.34 6.834927517
0.34 6.834927517
0.34 6.834927517
0.34 6.834927517
0.34 6.834927517
0.34 6.834927517
0.34 6.834927517
0.34 6.834927517
0.34 6.834927517
0.34 6.834927517
0.34 6.834927517
0.34 6.834927517
0.34 6.834927517
0.34 6.834927517
0.34 6.834927517
0.34 6.834927517
0.34 6.834927517
0.34 6.834927517
0.34 6.834927517
0.34 6.834927517
0.34 6.834927517
0.34 6.834927517
0.34 6.834927517
0.34 6.834927517